5.407199999999999562e+00 3.457459999999999667e+01 1.702580000000000027e+01 2.763190000000000168e+01 4.976019999999999754e+01 8.304600000000000648e+00 1.801849999999999952e+01
6.325800000000000090e+00 2.664049999999999940e+01 1.951920000000000144e+01 2.775509999999999877e+01 3.918469999999999942e+01 1.634329999999999927e+01 8.331300000000000594e+00
4.290700000000000180e+00 2.058719999999999928e+01 1.013959999999999972e+01 2.414570000000000149e+01 3.044930000000000092e+01 1.515029999999999966e+01 5.676499999999999879e+00
4.647199999999999775e+00 1.315750000000000064e+01 9.332800000000000296e+01 2.215080000000000027e+01 2.907730000000000103e+01 1.393019999999999925e+01 5.865250000000000341e+01
7.016270000000000095e+01 3.155140000000000100e+01 4.991999999999999886e+02 6.741599999999999682e+01 7.368800000000000239e+01 4.040760000000000218e+02 1.708240000000000123e+02
2.853799999999999955e+02 2.996415999999999826e+02 3.768970000000000198e+01 1.147399999999999949e+02 nan 3.147860000000000014e+02 4.235399999999999920e+01
1.384831000000000074e+02 2.075345000000000084e+02 8.933920000000000528e+01 5.287259999999999849e+01 nan 6.208129999999999882e+01 3.017780000000000129e+01
8.843160000000000309e+01 1.223306000000000040e+02 1.090048000000000030e+02 3.604220000000000113e+01 8.129590000000000316e+01 3.176180000000000092e+01 1.569170000000000087e+01
3.798799999999999955e+01 7.676860000000000639e+01 5.747149999999999892e+01 2.577149999999999963e+01 5.251189999999999714e+01 0.000000000000000000e+00 9.044399999999999551e+00
2.509029999999999916e+01 3.662310000000000088e+01 2.509740000000000038e+01 2.352520000000000167e+01 4.040400000000000347e+01 0.000000000000000000e+00 6.511199999999999655e+00
