2.602639999999999887e+01 3.282690000000000197e+01 3.044719999999999871e+01 1.556109999999999971e+01 1.280039999999999978e+01 1.173300000000000054e+01 4.426219999999999999e+01
1.246059999999999945e+01 1.529800000000000004e+01 2.918280000000000030e+01 9.230000000000000426e+00 1.331029999999999980e+01 9.659100000000000463e+00 3.273129999999999740e+01
2.435300000000000153e+01 7.348499999999999588e+00 1.543650000000000055e+01 8.790300000000000225e+00 1.464129999999999932e+01 1.054420000000000002e+01 4.012579999999999814e+01
2.994750000000000156e+01 1.572860000000000014e+01 2.924859999999999971e+01 7.705499999999999794e+00 1.467089999999999961e+01 1.052740000000000009e+01 2.552520000000000167e+01
3.128049999999999997e+01 1.354979999999999940e+01 3.410260000000000247e+01 1.114039999999999964e+01 1.130049999999999955e+01 1.939290000000000092e+01 3.758030000000000115e+01
2.889549999999999841e+01 1.799459999999999837e+01 3.169099999999999895e+01 1.400600000000000023e+01 1.167329999999999934e+01 1.008300000000000018e+01 3.373100000000000165e+01
2.449249999999999972e+01 1.350280000000000058e+01 3.443970000000000198e+01 9.628899999999999793e+00 1.503989999999999938e+01 1.143120000000000047e+01 2.911220000000000141e+01
2.710889999999999844e+01 9.484400000000000830e+00 4.085390000000000299e+01 1.049419999999999931e+01 1.345759999999999934e+01 7.447600000000000442e+00 2.773379999999999868e+01
3.087689999999999912e+01 8.294700000000000628e+00 4.809920000000000329e+01 1.148739999999999917e+01 1.293210000000000015e+01 6.860699999999999577e+00 2.850430000000000064e+01
2.340660000000000096e+01 6.490599999999999703e+00 3.884779999999999944e+01 6.978699999999999903e+00 8.956099999999999284e+00 7.698100000000000165e+00 2.865080000000000027e+01
